15437
169985
35305
315
63250
20309
0
14280
10820
4561
558
3724
16248434
7650548
94795
4225939
558
16248434
558
558
0
68456
312443
1257397
188415
28187
8408
14712
1539
3724
591458
9114
9114
0
1200876
68456
2223555
0
62875
3105308
3105308
0
7650548
13274710
0
13496879
259028
156640
2257
28187
19334771
8767370
45129
1819714
8408
0
265088
4225939
1539
64450
87466
87466
30994
62875
1819714
13274710
5254
0
0
1074424
5254
1074424
206
2145
519
519
8132
0
0
0
10663
1428
9097
12777
4801446
8132
79565
206
0
23448476
35718
0
79565
1428
4801446
23448476
78813
0
0
0
2145
0
78813
35718
0
10663
9097
12777
211359
70828
72168
23389
238
